/	CG-5 SURVEY
/	Survey name:   	stutt
/	Instrument S/N:	191 
/	Client:        	Default
/	Operator:      	Default
/	Date:          	2019/ 4/12
/	Time:          	13:01:54
/	LONG:        	9.2000000 E
/	LAT:         	48.8000000 N
/	ZONE:        	0       
/	GMT DIFF.:   	5.0 

/	CG-5 SETUP PARAMETERS
/	Gref:			0.000   
/	Gcal1:		6651.362
/	TiltxS:		650.184 
/	TiltyS:		660.780 
/	TiltxO:		-16.211 
/	TiltyO:		9.401   
/	Tempco:		-0.127  
/	Drift:		0.238   
/	DriftTime Start:	13:01:56
/	DriftDate Start:	2019/04/12

/	CG-5 OPTIONS
/	Tide Correction:    YES
/	Cont. Tilt:          NO
/	Auto Rejection:      NO
/	Terrain Corr.:       NO
/	Seismic Filter:      NO
/	Raw Data:            NO
/------LINE-----STATION-----ALT.------GRAV.---SD.--TILTX--TILTY-TEMP---TIDE---DUR-REJ-----TIME----DEC.TIME+DATE--TERRAIN---DATE
 2.0000000  100.0000000   21.2889   3635.187 0.028  -19.9  -18.2 -0.30 0.028  57   0 06:38:23     43547.27621    0.0000  2019/04/24
 2.0000000  100.0000000   21.2889   3635.188 0.035  -19.9  -18.2 -0.30 0.028  57   0 06:39:23     43547.27691    0.0000  2019/04/24
 2.0000000  100.0000000   21.2889   3635.187 0.025  -19.9  -18.2 -0.30 0.029  57   0 06:40:23     43547.27760    0.0000  2019/04/24
 2.0000000  100.0000000   21.2889   3635.188 0.036  -19.9  -18.2 -0.30 0.029  57   0 06:41:23     43547.27829    0.0000  2019/04/24
 2.0000000  100.0000000   21.2889   3635.188 0.045  -19.9  -18.2 -0.30 0.029  57   0 06:42:23     43547.27899    0.0000  2019/04/24
 2.0000000  100.0000000   21.2889   3635.190 0.044  -19.9  -18.2 -0.30 0.030  57   0 06:43:23     43547.27968    0.0000  2019/04/24
 2.0000000  100.0000000   21.2889   3635.189 0.041  -19.9  -18.1 -0.30 0.030  57   0 06:44:23     43547.28037    0.0000  2019/04/24
 2.0000000  100.0000000   21.2889   3635.189 0.050  -19.9  -18.2 -0.30 0.031  57   0 06:45:23     43547.28107    0.0000  2019/04/24
 2.0000000  100.0000000   21.2889   3635.189 0.035  -19.9  -18.1 -0.30 0.031  57   0 06:46:23     43547.28176    0.0000  2019/04/24
 2.0000000  100.0000000   21.2889   3635.189 0.039  -19.9  -18.1 -0.30 0.031  57   0 06:47:23     43547.28245    0.0000  2019/04/24
 2.0000000  100.0000000   21.2889   3635.190 0.061  -19.9  -18.1 -0.30 0.032  57   0 06:48:23     43547.28315    0.0000  2019/04/24
 2.0000000  100.0000000   21.2889   3635.191 0.042  -19.9  -18.2 -0.30 0.032  57   0 06:49:23     43547.28384    0.0000  2019/04/24
Line	   1.000N
/------LINE-----STATION-----ALT.------GRAV.---SD.--TILTX--TILTY-TEMP---TIDE---DUR-REJ-----TIME----DEC.TIME+DATE--TERRAIN---DATE
 1.0000000   1.0000000   22.5096   3633.166 0.156    6.3   -4.7 -0.20 0.038  57   0 07:04:06     43547.29404    0.0000  2019/04/24
 1.0000000   1.0000000   21.7772   3633.165 0.175    6.8   -5.0 -0.19 0.039  57   0 07:05:10     43547.29478    0.0000  2019/04/24
 1.0000000   3.0000000   23.4861   3631.276 0.616  -18.6   -1.1 -0.18 0.041  57   0 07:11:18     43547.29903    0.0000  2019/04/24
 1.0000000   3.0000000   22.7537   3631.274 0.431  -18.7   -3.0 -0.18 0.041  57   0 07:12:22     43547.29977    0.0000  2019/04/24
Line	   2.000N
/------LINE-----STATION-----ALT.------GRAV.---SD.--TILTX--TILTY-TEMP---TIDE---DUR-REJ-----TIME----DEC.TIME+DATE--TERRAIN---DATE
 2.0000000   1.0000000   24.4627   3633.167 0.204   -0.4   -1.7 -0.17 0.044  57   0 07:18:01     43547.30369    0.0000  2019/04/24
 2.0000000   1.0000000   23.7303   3633.169 0.328   -0.4   -1.4 -0.17 0.044  57   0 07:19:05     43547.30443    0.0000  2019/04/24
 2.0000000   3.0000000   24.9510   3631.281 0.218  -12.1    8.7 -0.17 0.045  57   0 07:23:10     43547.30726    0.0000  2019/04/24
 2.0000000   3.0000000   24.2186   3631.287 0.196  -12.6    9.8 -0.17 0.046  57   0 07:24:14     43547.30800    0.0000  2019/04/24
Line	   1.000N
/------LINE-----STATION-----ALT.------GRAV.---SD.--TILTX--TILTY-TEMP---TIDE---DUR-REJ-----TIME----DEC.TIME+DATE--TERRAIN---DATE
 1.0000000   6.0000000   25.6834   3628.322 0.187   -4.3   -0.8 -0.16 0.048  57   0 07:30:26     43547.31230    0.0000  2019/04/24
 1.0000000   6.0000000   24.9510   3628.322 0.144   -4.4   -0.5 -0.16 0.048  57   0 07:31:30     43547.31304    0.0000  2019/04/24
Line	   3.000N
/------LINE-----STATION-----ALT.------GRAV.---SD.--TILTX--TILTY-TEMP---TIDE---DUR-REJ-----TIME----DEC.TIME+DATE--TERRAIN---DATE
 3.0000000   3.0000000   26.4158   3631.296 0.603  -10.1    3.9 -0.16 0.050  57   0 07:35:33     43547.31585    0.0000  2019/04/24
 3.0000000   3.0000000   25.4393   3631.287 0.670   -9.8    4.4 -0.16 0.050  57   0 07:36:37     43547.31659    0.0000  2019/04/24
Line	   2.000N
/------LINE-----STATION-----ALT.------GRAV.---SD.--TILTX--TILTY-TEMP---TIDE---DUR-REJ-----TIME----DEC.TIME+DATE--TERRAIN---DATE
 2.0000000   3.0000000   26.6600   3628.321 0.193   -4.3    0.0 -0.17 0.052  57   0 07:40:29     43547.31927    0.0000  2019/04/24
 2.0000000   3.0000000   25.6834   3628.320 0.128   -4.6    0.6 -0.17 0.052  57   0 07:41:33     43547.32001    0.0000  2019/04/24
Line	   3.000N
/------LINE-----STATION-----ALT.------GRAV.---SD.--TILTX--TILTY-TEMP---TIDE---DUR-REJ-----TIME----DEC.TIME+DATE--TERRAIN---DATE
 3.0000000  100.0000000   27.1482   3635.190 0.046    3.0    7.3 -0.13 0.059  57   0 08:05:50     43547.33684    0.0000  2019/04/24
 3.0000000  100.0000000   26.9041   3635.193 0.042    2.9    7.2 -0.13 0.059  57   0 08:06:50     43547.33754    0.0000  2019/04/24
 3.0000000  100.0000000   26.9041   3635.194 0.050    2.8    6.9 -0.14 0.060  57   0 08:07:50     43547.33823    0.0000  2019/04/24
 3.0000000  100.0000000   25.6834   3635.193 0.053    2.9    6.3 -0.15 0.060  57   0 08:08:51     43547.33894    0.0000  2019/04/24