0.00 0.9974
0.25 1.1768
0.50 1.0080
0.75 1.0439
1.00 1.2249
1.25 0.7105
1.50 0.7765
1.75 0.7440
2.00 0.2004
2.25 0.2972
2.50 -0.1974
2.75 -0.5972
3.00 0.0245
3.25 -0.0045
3.50 -0.1069
3.75 -0.1285
4.00 -0.5650
4.25 -0.5962
4.50 -0.7828
4.75 -0.5712
5.00 -0.3088
5.25 -0.4880
5.50 -0.6661
5.75 -0.0274
6.00 -0.2048
6.25 -1.0129
6.50 -0.2700
6.75 -0.5449
7.00 -0.3130
7.25 -0.3643
7.50 -0.4155
7.75 -0.4743
8.00 -0.7247
8.25 0.2772
8.50 -0.3143
8.75 0.4575
9.00 0.2611
9.25 0.4132
9.50 0.3483
9.75 0.8442
10.00 0.8990
10.25 0.8005
10.50 0.5722
10.75 0.8397
11.00 0.1868
11.25 0.9464
11.50 0.2758
11.75 0.6571
12.00 0.1111
12.25 0.2296
12.50 0.1457
12.75 -0.0585
13.00 0.3000
13.25 0.1138
13.50 -0.0246
13.75 -0.1794
14.00 -0.1853
14.25 0.0569
14.50 -0.3222
14.75 0.0005
15.00 -0.2177
15.25 -0.0603
15.50 -0.9380
15.75 -0.6061
16.00 -0.0461
16.25 -0.6838
16.50 -0.2423
16.75 -0.0095
17.00 -0.7994
17.25 -0.1795
17.50 -0.6216
17.75 -0.7207
18.00 -0.0284
18.25 -0.3323
18.50 -0.4635
18.75 -0.2086
19.00 0.4911
19.25 -0.1809
19.50 0.4445
19.75 0.5389
20.00 -0.0561
20.25 0.0774
20.50 -0.4603
20.75 0.1889
21.00 0.5963
21.25 0.4058
21.50 0.1526
21.75 0.1377
22.00 0.6388
22.25 -0.1054
22.50 0.1446
22.75 0.0336
23.00 -0.0843
23.25 -0.1254
23.50 -0.0987
23.75 -0.2156
24.00 0.0197
24.25 0.1114
24.50 0.1206
24.75 -0.4663
25.00 -0.2467
25.25 -0.1597
25.50 -0.5298
25.75 -0.1906
26.00 -0.5033
26.25 -0.3999
26.50 -0.4279
26.75 -0.4654
27.00 -0.2656
27.25 -0.2458
27.50 -0.3065
27.75 -0.3106
28.00 -0.6575
28.25 0.0301
28.50 -0.0843
28.75 -0.0022
29.00 -0.2978
29.25 -0.0453
29.50 -0.2267
29.75 -0.3763
30.00 0.2799
30.25 -0.0336
30.50 0.1242
30.75 0.0311
31.00 0.0583
31.25 0.0760
31.50 0.4275
31.75 0.1929
32.00 0.3026
32.25 0.3201
32.50 0.3351
32.75 0.5304
33.00 -0.3286
33.25 0.4995
33.50 -0.4335
33.75 -0.1572
34.00 0.4588
34.25 -0.1448
34.50 -0.0902
34.75 -0.2005
35.00 0.3336
35.25 -0.3571
35.50 -0.5976
35.75 0.2866
36.00 -0.5062
36.25 -0.0615
36.50 -0.2635
36.75 -0.3583
37.00 -0.2260
37.25 0.0841
37.50 0.1959
37.75 0.3194
38.00 0.1029
38.25 0.1562
38.50 0.4615
38.75 -0.3315
39.00 0.1059
39.25 0.2080
39.50 -0.2046
39.75 -0.0201
40.00 -0.3623
40.25 0.2911
40.50 -0.1174
40.75 -0.7061
41.00 0.4059
41.25 0.3786
41.50 -0.0568
41.75 0.0007
42.00 -0.4309
42.25 0.4925
42.50 0.3201
42.75 0.0261
43.00 -0.3671
43.25 -0.2366
43.50 0.5586
43.75 0.0587
44.00 0.3116
44.25 0.3319
44.50 -0.1336
44.75 -0.0908
45.00 0.0757
45.25 0.1861
45.50 -0.7133
45.75 -0.2128
46.00 -0.0266
46.25 -0.3375
46.50 -0.0976
46.75 0.2380
47.00 0.5694
47.25 0.0491
47.50 -0.1020
47.75 0.2215
48.00 -0.6047
48.25 -0.0208
48.50 0.2466
48.75 -0.1481
49.00 0.0501
49.25 -0.3940
49.50 -0.2016
49.75 0.1070
50.00 -0.3435