ID Semi-major axis [km] Eccentricity [-] Inclination [deg] RAAN [deg] Arg. of Perigee [deg] Mean Anomaly [deg]
1  25440  0.00  64.8  120  0.0  0.00
2  25440  0.00  64.8  120  0.0  45.00
3  25440  0.00  64.8  120  0.0  90.00
4  25440  0.00  64.8  120  0.0  135.00
5  25440  0.00  64.8  120  0.0  180.00
6  25440  0.00  64.8  120  0.0  225.00
7  25440  0.00  64.8  120  0.0  270.00
8  25440  0.00  64.8  120  0.0  315.00
9  25440  0.00  64.8  240  0.0  10.00
10  25440  0.00  64.8  240  0.0  55.00
11  25440  0.00  64.8  240  0.0  100.00
12  25440  0.00  64.8  240  0.0  145.00
13  25440  0.00  64.8  240  0.0  190.00
14  25440  0.00  64.8  240  0.0  235.00
15  25440  0.00  64.8  240  0.0  280.00
16  25440  0.00  64.8  240  0.0  325.00
17  25440  0.00  64.8  360  0.0  20.00
18  25440  0.00  64.8  360  0.0  65.00
19  25440  0.00  64.8  360  0.0  110.00
20  25440  0.00  64.8  360  0.0  155.00
21  25440  0.00  64.8  360  0.0  200.00
22  25440  0.00  64.8  360  0.0  245.00
23  25440  0.00  64.8  360  0.0  290.00
24  25440  0.00  64.8  360  0.0  335.00
