ID Semi-major axis [km] Eccentricity [-] Inclination [deg] RAAN [deg] Arg. of Perigee [deg] Mean Anomaly [deg] 
A3 26559.8 0.00 55.0 272.85 0.0 11.68
A4 26559.8 0.00 55.0 272.85 0.0 41.81
A2 26559.8 0.00 55.0 272.85 0.0 161.79
A1 26559.8 0.00 55.0 272.85 0.0 268.13
B1 26559.8 0.00 55.0 332.85 0.0 80.96
B2 26559.8 0.00 55.0 332.85 0.0 173.34
B4 26559.8 0.00 55.0 332.85 0.0 204.38
B3 26559.8 0.00 55.0 332.85 0.0 309.98
C1 26559.8 0.00 55.0 32.85 0.0 111.88 
C4 26559.8 0.00 55.0 32.85 0.0 241.57
C3 26559.8 0.00 55.0 32.85 0.0 339.67
C2 26559.8 0.00 55.0 32.85 0.0 11.80
D1 26559.8 0.00 55.0 92.85 0.0 135.27
D4 26559.8 0.00 55.0 92.85 0.0 167.36
D2 26559.8 0.00 55.0 92.85 0.0 265.45
D3 26559.8 0.00 55.0 92.85 0.0 35.16
E1 26559.8 0.00 55.0 152.85 0.0 197.05
E2 26559.8 0.00 55.0 152.85 0.0 302.60
E4 26559.8 0.00 55.0 152.85 0.0 333.69
E3 26559.8 0.00 55.0 152.85 0.0 66.07
F1 26559.8 0.00 55.0 212.85 0.0 238.89 
F2 26559.8 0.00 55.0 212.85 0.0 345.23
F3 26559.8 0.00 55.0 212.85 0.0 105.21
F4 26559.8 0.00 55.0 212.85 0.0 135.35 