2.382518419804520275e-04
-8.261944461277783130e-05
-2.639033388860570852e-04
-4.846355133397296355e-04
-4.322388803431853849e-04
1.344315765656006159e-04
1.174163460517941963e-04
-1.146904172701631799e-04
-2.757112482851605960e-04
2.500467103903749135e-04
-1.546957064082763247e-04
-1.388807600967997358e-04
-3.700184723383722523e-04
-1.331020114943017539e-04
-3.459832744606832362e-05
4.345836039828201883e-04
-3.350780451559820278e-04
8.703515208320931678e-05
2.413025343939005922e-04
-3.865905308501851228e-04
-1.910314248868961551e-04
8.977942069036879389e-05
-3.258978795388306699e-04
2.967154559091295888e-04
-3.822042198154627360e-04
3.629878682598511688e-04
1.042682251217636499e-04
1.118670502195024167e-06
-4.680973928467718780e-04
-2.867133913988705800e-04
-1.258722299125480829e-05
4.585819778813616122e-04
-2.433282972440417569e-04
4.161417070605489166e-04
3.541095846017614434e-04
-4.399745659636558094e-07
2.910068940259021700e-05
5.488071324784045814e-05
-4.279864223012528235e-04
-4.206834471586803469e-04
4.817665715869421197e-04
1.070716042527363398e-04
4.377862630251316898e-04
-3.958667803260996153e-04
2.830512968789697425e-04
-4.361512947171383540e-05
1.299496911317291569e-04
-1.289551843115506013e-04
-3.816334644905584124e-04
-4.062595560084685019e-04
-3.557974504163214096e-04
-6.399608320340919795e-05
-4.117677203452683554e-04
1.999843019815961435e-04
-7.870808849961709167e-05
5.470356178314875455e-04
5.813891341489815009e-04
4.667015216900198267e-04
2.712355516403271009e-05
2.520663731972511059e-04
4.422844923615413312e-05
3.025845323943736516e-04
4.445878312275673857e-04
4.283227210637527297e-05
1.831980414251018505e-04
-1.662555919199252652e-05
4.234638555109406345e-04
3.374391600152469085e-04
-3.732216035981360150e-04
5.124252397439919664e-04
2.333251000362598676e-05
-2.180062462749626350e-04
4.127065592169017237e-04
3.592394235230884469e-05
1.608253518950950327e-04
1.956232190057837980e-04
1.203368952029711537e-04
4.874167762527728456e-04
4.305301728007461374e-04
-1.423481413495288018e-04
-9.470284014317237320e-05
4.682735113875566573e-04
-8.846850322341310181e-07
-1.734211268090709397e-04
3.003550566468140095e-04
1.839132442590732668e-04
-1.464937044913589345e-05
9.856647393832588568e-05
-3.751865201491158997e-04
-1.453602342996266608e-04
-4.560013809916605701e-04
-2.354282944647220928e-04
-2.397526345777444142e-04
4.554010570836082659e-04
-1.672283654572803086e-05
2.920347315162912495e-05
-1.675803515303362441e-04
-1.557821897973004147e-04
8.233676288784876486e-05
1.032996508059277186e-04
-1.935379851771298985e-04
2.160112904935491940e-04
3.225326080067127880e-04
2.788228776100862684e-05
-2.448429444852004964e-04
3.063464377996935085e-04
3.357960430917810877e-04
1.664688933536304300e-04
2.522169503511542026e-04
-5.877315848831177149e-04
-1.553688688592312194e-04
-4.178037070913220288e-04
-5.454262068065816307e-05
-7.403414660424566252e-04
-5.768401121034300678e-04
-2.336236179954412481e-04
-1.826096008797508221e-04
6.579949650517281619e-05
-5.394971756985857819e-04
5.093563761427246945e-05
-5.294063513108963415e-04
-7.286340593564661705e-04
-7.084243050496805355e-04
-1.111499455719859478e-04
-1.621102381316428002e-04
-3.836974387869075340e-04
-7.540295329352937961e-04
-6.352534663779087426e-04
-1.216017994472581658e-04
-8.905757572108851435e-04
-8.726707825612865831e-04
-5.402119582366332389e-04
-3.969431917048344316e-04
-8.804723165918665285e-04
-5.602425262581398968e-04
-4.110206508009847225e-04
-3.558545851208495163e-04
-9.423722129246092823e-04
-1.288397747420274046e-03
-9.736977022860801318e-04
-3.881648401997665103e-04
-6.968807467347411895e-04
-7.182218144362949959e-04
-1.287962921909142910e-03
-1.360361627535264023e-03
-1.166784481433760399e-03
-1.257418047543056028e-03
-9.157362128761532306e-04
-5.239636995427100112e-04
-1.195990772531073040e-03
-1.241283516097010974e-03
-8.118313694201264880e-04
-1.339139733414251464e-03
-6.650606432519452858e-04
-1.454648183229383064e-03
-7.063948492486899801e-04
-1.468417423163037236e-03
-1.344508388592026297e-03
-1.379095324153552411e-03
-1.524537403611196185e-03
-1.399815177982690652e-03
-6.698420329443286088e-04
-1.587256035324822057e-03
-1.500662531876340326e-03
-1.075142485947175796e-03
-1.015250878328098931e-03
-1.139697357016200953e-03
-1.026640264779956528e-03
-1.039007945204509275e-03
-1.326895424141383934e-03
-5.551853275337744397e-04
-1.073694207084649813e-03
-1.291422441585297811e-03
-6.512262781799586439e-04
-1.235138525021398093e-03
-1.318527912685113577e-03
-1.061349292002407990e-03
-1.067850868243876280e-03
-5.518742674670313198e-04
-2.779100534526000670e-04
-8.954829946041520383e-04
-2.213545993105340290e-04
-9.553040498146375768e-04
-6.512658353712242817e-04
-2.785184636297053252e-04
5.663797008882931429e-05
7.961253203367079094e-05
2.667412326977335046e-04
-9.058566145279709045e-05
-4.185508536750242345e-04
-1.831845231362810389e-04
6.852957046006366701e-04
7.058477852408571529e-04
-8.736961101299688158e-05
8.122678441761822798e-04
2.092130352169298269e-04
8.325873991468391456e-04
7.070673563163137193e-04
1.177827222990324336e-03
1.192645176154877350e-03
8.953115094895857003e-04
1.488565554378127459e-03
1.843092148525805538e-03
1.504311814599338867e-03
1.450965201727966820e-03
1.334525176261272972e-03
1.759060630906483314e-03
1.899218299709556478e-03
2.253936261599447186e-03
2.783902742378970355e-03
2.944506414999916756e-03
2.992352738712108183e-03
2.916414499015334682e-03
2.896867587452410953e-03
2.863446845671905293e-03
2.771911086548650791e-03
3.347188141533300344e-03
3.625996878933865179e-03
3.301599643448397108e-03
3.424355622069700459e-03
4.213899820115408860e-03
4.475318857841406248e-03
3.847075824012043642e-03
4.462614556329408920e-03
4.012837390631730956e-03
4.593970855458544451e-03
4.288219446355191755e-03
4.415283339945363407e-03
5.133481682241433988e-03
5.530626271866591163e-03
5.187612962567264910e-03
5.336061773229700336e-03
5.462048942948768276e-03
5.867285636823828775e-03
6.086570201461657600e-03
5.319746054350146108e-03
5.854942973280815449e-03
5.603599558965849207e-03
5.899384430710299596e-03
6.320673569711324734e-03
6.000234343811421296e-03
6.162241060012596180e-03
5.908411625841038413e-03
6.598885586114760539e-03
6.511536262512728629e-03
6.052582664521913118e-03
5.988104485423388287e-03
6.627375869049656476e-03
6.086670965125694395e-03
6.439954450096116965e-03
6.801994613853972436e-03
6.198619476014952979e-03
5.905457269223628874e-03
6.594365127686841604e-03
6.625303741035173249e-03
6.543494748417852391e-03
6.387624353646701066e-03
6.081000035169417325e-03
5.841612224541560192e-03
5.355121768807075307e-03
5.486673047969877273e-03
5.457184930772594755e-03
5.069582348401076646e-03
5.246162346116751973e-03
4.771297743856985421e-03
4.998687088588823699e-03
4.987661990240838117e-03
4.137750976715685695e-03
4.449501380469257465e-03
4.649998417596128489e-03
4.200661569578645164e-03
3.237107299357467986e-03
3.789895085236610461e-03
2.989844282587863448e-03
3.022981892642837357e-03
2.862318076883999581e-03
1.815684231772608619e-03
1.729578061376887358e-03
1.374504360406348779e-03
9.516994736082095858e-04
1.042010192864620656e-03
1.034911182736441551e-03
-1.898418100346976303e-04
-2.347680152506773207e-04
-2.715412157662468098e-04
-7.407788546859375711e-04
-1.275250423306645937e-03
-1.292746033823383546e-03
-2.394977092706102300e-03
-2.870810120789122309e-03
-2.704740564489725545e-03
-3.840781198519542094e-03
-4.143995105582831684e-03
-4.616022122747412068e-03
-5.053237974127867266e-03
-5.298382848431881093e-03
-5.738197320018908511e-03
-6.111084979949727401e-03
-6.688327039970781013e-03
-6.636833240550735549e-03
-7.945463444067643599e-03
-7.604221408259155199e-03
-8.172138913326109852e-03
-8.409996060352351033e-03
-9.846057608010865686e-03
-9.998721247319765706e-03
-1.027836972410426340e-02
-1.026139225382562657e-02
-1.104699263817914522e-02
-1.173586359914530371e-02
-1.174990714712191575e-02
-1.241536330808391125e-02
-1.342978389680114272e-02
-1.361746000531117474e-02
-1.378762849640314397e-02
-1.392440806441077976e-02
-1.475583658332645619e-02
-1.455347752500461139e-02
-1.575339705497198067e-02
-1.548540742963729067e-02
-1.591936740544348458e-02
-1.650036523030351185e-02
-1.684989682531870536e-02
-1.655226056493559403e-02
-1.675694275221554022e-02
-1.754081064228135700e-02
-1.731514543907442319e-02
-1.778055458692619911e-02
-1.791758981083063293e-02
-1.876491361493401802e-02
-1.889381889616486079e-02
-1.820065252316044324e-02
-1.923550028428871322e-02
-1.914356759027544333e-02
-1.895596117275963333e-02
-1.896628889443135665e-02
-1.953089473271833049e-02
-1.872749852307045715e-02
-1.907276287378488824e-02
-1.937398892739864223e-02
-1.906270403822662649e-02
-1.914838926836190044e-02
-1.892167562161305855e-02
-1.849413224095807981e-02
-1.871032545331505551e-02
-1.837032210562511772e-02
-1.797226446422824434e-02
-1.779967989464697684e-02
-1.799223289969741069e-02
-1.752185188132760960e-02
-1.677424333272226759e-02
-1.630901647528406467e-02
-1.629094633953212870e-02
-1.582141052849718801e-02
-1.559652067356453314e-02
-1.475773788221856203e-02
-1.423564386283027693e-02
-1.451415637589764662e-02
-1.383113102068793225e-02
-1.316682352186815050e-02
-1.214921379144945010e-02
-1.226049365800018116e-02
-1.171489853915052247e-02
-1.097517741561265109e-02
-9.615212738471710582e-03
-9.650192115534738171e-03
-8.346677699155174990e-03
-7.387624518992993300e-03
-7.342724759394261141e-03
-6.340271554800513444e-03
-5.444460316687078395e-03
-4.574378024804087207e-03
-4.599949378828959400e-03
-3.549804158923859903e-03
-2.138314400695266130e-03
-1.674661880548465988e-03
-8.548165310373206666e-04
-1.391794405946803859e-04
1.107608754546204975e-03
1.842252188288401966e-03
2.554349113735927389e-03
3.429376816945296173e-03
4.325641545654510152e-03
5.116196190278417960e-03
6.435568672008633653e-03
6.539457935023667255e-03
8.038755918706503092e-03
8.662333176317919825e-03
9.925605551603437077e-03
1.028055478659207003e-02
1.151841239290127272e-02
1.237397412649451044e-02
1.282163865374172547e-02
1.377596085306769316e-02
1.447480599650420065e-02
1.574755605550278575e-02
1.681562990168567265e-02
1.679092901096560994e-02
1.834561585935473929e-02
1.834329006154909389e-02
1.985432343061402718e-02
2.010085416706716005e-02
2.120178923467755036e-02
2.176441566808318823e-02
2.246802145187720007e-02
2.272921454086000020e-02
2.336119831111662520e-02
2.440573313194500243e-02
2.439951426227466441e-02
2.516333049638051766e-02
2.539806036633726963e-02
2.559538687443230556e-02
2.609466212136509963e-02
2.719684269186736780e-02
2.746497648699408947e-02
2.815544748883413301e-02
2.804625825956219218e-02
2.852447135058298888e-02
2.811212924158133786e-02
2.913046514667156153e-02
2.895256830913190901e-02
2.874559582393894364e-02
2.902416705036101052e-02
2.911945698287845760e-02
2.922882203845843241e-02
2.912632192784332316e-02
2.985145447404728702e-02
2.950261800963554712e-02
2.935201656954189095e-02
2.928966857512885907e-02
2.925113320686862847e-02
2.863334044669511164e-02
2.874113145033373173e-02
2.882693971567812374e-02
2.826236672092626717e-02
2.758138297810444964e-02
2.763344855689485458e-02
2.714770416770657252e-02
2.695947432269920133e-02
2.585208129121450635e-02
2.598268754611246165e-02
2.494124417101528657e-02
2.487284565419033838e-02
2.444564232901817735e-02
2.293182616009372884e-02
2.251445352595509569e-02
2.225661112653894158e-02
2.167968783930826135e-02
2.074728713205053685e-02
1.965109855018325191e-02
1.883948674105221863e-02
1.843807055896451788e-02
1.780884621800768799e-02
1.639531877603430179e-02
1.589576233522241658e-02
1.557296920488321357e-02
1.472993038057868360e-02
1.366006905593099806e-02
1.204875721260983447e-02
1.196894126824451371e-02
1.098436974991851695e-02
9.969310759436612879e-03
9.021255816480080320e-03
8.169586685840994622e-03
6.601700564142430963e-03
6.371672012537748717e-03
5.366727074458560801e-03
4.123959390366396284e-03
3.322935519836040484e-03
2.110542218906400359e-03
1.020378298404600028e-03
-1.662776389482936007e-04
-1.082493108617112176e-03
-1.330270962440623008e-03
-2.825864444125545348e-03
-3.440889458468793672e-03
-4.722516325991811190e-03
-5.748948500316417888e-03
-6.535262736686328275e-03
-7.453427983491412757e-03
-8.503002373600451747e-03
-9.335297610889045292e-03
-9.848236960467540366e-03
-1.060858569135210254e-02
-1.095932835954673348e-02
-1.233595536771920145e-02
-1.307186115066656835e-02
-1.379715302854090525e-02
-1.409711713583759740e-02
-1.532598309325123968e-02
-1.576006162776696917e-02
-1.642971739274410453e-02
-1.731799977232002449e-02
-1.763608131818200642e-02
-1.803882021025816559e-02
-1.885824416335822595e-02
-1.971669123414850761e-02
-2.027267148154379695e-02
-2.032357732472215087e-02
-2.098508632828920487e-02
-2.154764984182995849e-02
-2.190219762067006221e-02
-2.190223527925720323e-02
-2.267308266971738290e-02
-2.243321924138367771e-02
-2.258361121516773429e-02
-2.259549554071596175e-02
-2.329332932849476415e-02
-2.356085638853539985e-02
-2.316032092245229670e-02
-2.338629537730353702e-02
-2.411969083165271116e-02
-2.419090922353821227e-02
-2.410650525368651306e-02
-2.354856044140868701e-02
-2.332362042105724440e-02
-2.314860941797853774e-02
-2.386848316240513038e-02
-2.295035048573887404e-02
-2.371897441074689514e-02
-2.281722806677509777e-02
-2.310596658894071079e-02
-2.283758045410195711e-02
-2.267087319092037437e-02
-2.193835094393154286e-02
-2.223111594296277999e-02
-2.111441803474559814e-02
-2.111323529904217747e-02
-2.117696930322191320e-02
-2.084739171040506100e-02
-2.042859610416008706e-02
-1.972690237950610465e-02
-1.890094652451329571e-02
-1.911551759261631567e-02
-1.809782351747522486e-02
-1.729595945835716089e-02
-1.766423033985664581e-02
-1.687992661088757659e-02
-1.616623852954926846e-02
-1.517764139788289543e-02
-1.526199554860961649e-02
-1.489874100360145080e-02
-1.423566484330482211e-02
-1.356131063003947028e-02
-1.249481215538350218e-02
-1.245970312332854261e-02
-1.181570149635957981e-02
-1.074798593771733764e-02
-1.032106035675132115e-02
-9.650980624624140580e-03
-9.194369540359580845e-03
-8.232757133121980722e-03
-7.986564903722024114e-03
-7.238887621328381379e-03
-6.778731242722125898e-03
-6.516466523019600991e-03
-5.436300468187525887e-03
-5.005686224882799525e-03
-4.698570084463134407e-03
-3.974264407835744264e-03
-2.997355376852941372e-03
-2.454215092690992077e-03
-1.696203141867957129e-03
-8.736087166575350754e-04
-6.566396364647145763e-04
-6.734555111749624887e-04
2.856768639674745012e-04
9.874543814525228030e-04
9.742474202829513701e-04
2.143324412012694198e-03
2.614477673820834232e-03
2.958059537549670003e-03
3.253349174696336821e-03
3.546556311098075873e-03
4.595947741893594701e-03
4.785436782901008462e-03
5.317052592388023247e-03
5.456878360271139386e-03
5.436864942552608465e-03
6.506802636894426853e-03
6.833366177181604030e-03
7.005237438417086585e-03
6.915084976849077483e-03
7.785881191920078492e-03
7.692831042012796688e-03
7.488193310716853048e-03
8.502892899777483166e-03
8.792954451581963191e-03
8.249922223607958349e-03
8.717688888308650075e-03
8.856427640324324863e-03
9.314216109135140323e-03
9.494189242839370241e-03
9.048958415277322254e-03
9.387346285078704972e-03
9.654690161557873476e-03
1.019842162624998334e-02
9.942467704574318998e-03
9.561617123086257886e-03
9.770013202386860010e-03
9.654858431392600998e-03
9.837732887738205936e-03
9.468813917857383383e-03
1.032033550366104335e-02
1.009683280692356966e-02
9.460923434535414150e-03
9.425039512205087011e-03
9.937288015102397482e-03
9.529885010169379320e-03
9.331750530248742251e-03
9.202751271700839245e-03
9.184255520969722766e-03
9.389468751105033845e-03
9.179821168705642673e-03
8.578030431146965729e-03
8.800830410287062075e-03
8.307932165205167765e-03
8.490133043762339640e-03
7.980880435130966941e-03
8.747603914232937247e-03
8.240905091116577583e-03
8.255612044615116135e-03
7.766016051287825267e-03
7.790632285349855315e-03
6.854054737642420285e-03
6.968593761084196890e-03
6.851943462249932004e-03
6.198198391021206982e-03
6.004542129028780581e-03
6.160798013152123803e-03
6.103566027422436223e-03
6.248858148251848661e-03
5.800372996018687485e-03
5.229501972491311552e-03
4.869832118884648807e-03
4.473563675233291868e-03
4.911088727728643924e-03
4.941283824488016362e-03
3.754461860787111464e-03
3.683257633499072755e-03
3.993873988540976722e-03
4.021246164840578709e-03
3.085326448933279654e-03
3.453293481074308936e-03
3.030053390804794342e-03
3.083071430414340616e-03
2.894686874975113244e-03
2.194346612650481792e-03
1.729176492731360724e-03
1.639659584355177002e-03
1.670869323887661656e-03
1.414027286985170429e-03
1.476917287280380591e-03
1.596749763044170555e-03
1.185542501073834701e-03
6.791789458184848468e-04
9.551430217153889131e-04
-6.691763855338236748e-05
5.370073628675970170e-04
4.779216031799425374e-04
-3.425929537087185682e-04
-5.310945013748367971e-04
-3.312803227117983506e-04
-5.993512713656961102e-04
-7.569989501667018748e-04
-5.597152948729824939e-04
-6.905550572616842497e-04
-9.115037980173525340e-04
-1.482579234393301788e-03
-7.244982038616960395e-04
-1.699713136317405329e-03
-9.271325068548965948e-04
-1.178545099242881084e-03
-1.609500937806388572e-03
-1.279036458234850560e-03
-1.305892150074274959e-03
-1.922754408019861647e-03
-1.655105542922995221e-03
-1.727034402262811724e-03
-1.925395849588434644e-03
-1.949180278860610177e-03
-1.991541112904679414e-03
-2.177147247475095908e-03
-2.297847286923663211e-03
-1.626126920848864049e-03
-2.593881823167898566e-03
-2.200156906897735715e-03
-1.698156566516560370e-03
-1.751041083079154723e-03
-2.144888333476588967e-03
-2.384108885256409210e-03
-2.019770165933046542e-03
-2.138379522386545627e-03
-2.399054733148651454e-03
-1.816412883239016968e-03
-2.185019171122045203e-03
-2.269503588815085637e-03
-2.013370332443273000e-03
-2.546097878980507941e-03
-1.932021828750268410e-03
-1.939153646396284472e-03
-2.103817343096092782e-03
-2.430115389464878803e-03
-2.073636427976778811e-03
-1.940695233646771078e-03
-1.736194947697826179e-03
-1.924052623082858843e-03
-1.517638877249473123e-03
-2.219359790037553348e-03
-1.818490232866044019e-03
-2.183787940155776982e-03
-1.680792896066147894e-03
-1.977389134638058051e-03
-1.719996482995691731e-03
-1.904070049280567369e-03
-1.688855254680504507e-03
-1.371804333295455159e-03
-1.331511059135049788e-03
-1.502822540706035079e-03
-1.061905498355184951e-03
-1.420548565005222939e-03
-1.056458799421306199e-03
-1.072565456405620045e-03
-1.144367903496242098e-03
-6.528417709846097384e-04
-1.411318762306249756e-03
-1.455071319830679791e-03
-9.068665398384627646e-04
-6.773417732384705726e-04
-7.592541662437272314e-04
-1.113266218974723895e-03
-6.175855851257566883e-04
-1.096866144498260739e-03
-2.962773950577339316e-04
-7.482872147594890958e-04
-2.504804849264786657e-04
-9.231982663853862629e-04
-2.383550233980197318e-04
-7.695135574842595916e-04
-6.490045516154073317e-04
1.659120147488825012e-05
4.035611807868307987e-06
1.356853305449104798e-04
-2.258204914752224744e-04
-1.481588648640687757e-05
-6.868299544113257073e-04
2.709306667242562718e-04
5.882264530064881315e-05
-1.056781675175321405e-04
-9.603203615382187091e-05
4.317952332134144904e-05
-4.811714452485599367e-04
-4.467468670997815517e-04
-2.967053569082317281e-04
4.335555965024818137e-04
9.161737908879037838e-06
1.364627607482071683e-04
-1.526937568480781567e-04
3.904917709996658841e-04
-5.332086025824656636e-05
-2.831493355917178898e-04
3.942118601389362018e-04
1.768990757775514445e-04
4.698205157558298876e-04
-4.899180447653494076e-05
5.082647657721659721e-04
9.169904470520286839e-05
-2.716819648219736877e-05
-2.255025161633013742e-04
2.234456341910935877e-04
-1.229127502092555626e-04
-2.646486063378295861e-05
5.979617240291948237e-04
3.789381603215990916e-04
-1.824843992606857749e-04
-1.787151433031374491e-04
-9.011111633638741445e-05
7.279280478312913100e-04
1.312266224796669264e-04
-1.378639615464076051e-04
4.495204319724981556e-04
4.865198164036165667e-04
4.053886325571237756e-04
5.225992091322408236e-04
1.642753971247698042e-04
-5.521487406675592126e-05
4.519934714448683132e-04
-6.471666019251679294e-05
3.322311102943823488e-04
4.182130981118955225e-04
3.598606046930537001e-04
6.017825500036959405e-04
-9.984753781225867058e-05
5.987191945105390213e-04
5.512521343529644229e-04
-2.577326930160923121e-04
2.755360316697271156e-04
-1.408827185994138847e-04
5.441729364380590338e-05
-1.589631339292499085e-04
3.967906806693313922e-04
8.295888829305110926e-05
4.012763566277335273e-04
2.104280770838706978e-04
-2.346078484424621053e-04
1.445643917193982042e-04
5.217109917395921321e-04
-1.975032080835837256e-04
-1.446979101289907544e-04
-1.525188889048130166e-05
3.760504328782571714e-04
2.790492628897673190e-04
-3.710374207313225892e-05
5.229270893178425807e-04
3.405312302521888799e-04
4.566740207010322634e-04
-7.766562599467656904e-06
3.281466269926246746e-04
-2.753914773494268520e-04
-3.003282670734439691e-04
-2.316600173745871896e-04
-2.066809221192830509e-04
1.187140812737320092e-04
-8.167906187797724480e-06
3.213750028814846478e-04
6.889878851630696678e-05
-1.830341847283217739e-04
-4.669486490940625862e-05
-3.680954829290042731e-04
1.183745752787613296e-04
-4.514672535669997464e-04
-8.295128574492374761e-05
4.558168519966093865e-04
-4.374703023981123262e-04
-1.551134809828456917e-04
-1.492730752133923503e-04
2.372623345769550010e-04
-3.629294169279202557e-04
2.270568734879550106e-04
1.879905040162096488e-04
-2.968956039986443219e-04
4.971576087079060445e-04
2.491034214917568377e-04
-2.982318637474754377e-04
-2.992266099484443297e-04
4.506562571579826284e-06
2.007116262696266899e-04
-1.659173399001711506e-04
-3.015929166261217885e-04
-5.235447365837622735e-05
4.594816981467837388e-04
-3.881751261136353795e-05
-3.637309229863160001e-04
-4.420757965054907934e-04
1.969578656924896357e-04
-2.874822725378448681e-04
1.801019437210361885e-04
3.461733138745006844e-04
-5.520048214191159527e-06
-2.608426672778538019e-04
4.057037892988423649e-04
1.495433795058425514e-04
1.625149737946743420e-04
1.704663196578056004e-04
-1.509286526168298421e-04
4.114743097041014463e-04
-4.360162259990015303e-04
-5.639166986163289777e-06
9.908429554233226760e-05
1.323948386308348676e-04
-2.631565407467693690e-04
-4.315383881934643806e-04
-4.259278384652697520e-04
-4.198342455969203023e-04
-1.919639964786018006e-04
-1.843259193937397370e-04
3.741628472461596094e-04
1.506734060946060547e-05
-2.221573053061694865e-04
4.307235628075479507e-04
1.304825863618501761e-04
3.954154431574672464e-05
-1.841065140273163872e-04
2.545097918451810445e-04
5.250536774039016107e-05
4.738193151213665802e-05
1.966807031142172874e-04
-1.564183416928405181e-04
-1.637259692372810735e-04
4.151248084111019000e-04
-4.454302544765643555e-04
4.789780133550949372e-04
-8.870836010844910093e-05
3.162862339103598183e-04
-2.631552170841818992e-04
-1.608267070460305914e-04
-2.592756042058604065e-05
4.326216232851907159e-04
1.125744993268355993e-04
3.188178016421912070e-04
3.444000843142084700e-04
5.558487378894608217e-06
-2.471362050505422807e-05
2.685085093070460117e-04
9.265966425474279878e-05
-3.731511469424917088e-04
-2.652552400544478306e-04
-9.112141233910725946e-05
-3.622815410383599432e-04
3.014599692219222448e-04
-2.905710658886820769e-05
-1.681229233003034144e-04
-3.508203348855581461e-04
2.883309571711605815e-04
1.919652110776221465e-04
3.747550690188933015e-04
2.274099101716167356e-04
-1.749489033934371711e-04
-4.212378231734088645e-04
1.693852892342947503e-05
-4.184075934418415464e-04
-7.430728506895163102e-05
1.558854547108958378e-04
1.484521460649141050e-04
5.312902539226251720e-05
-3.985096924187307124e-04
4.753626167091706627e-04
4.399252096037289185e-05
2.986218348339741936e-04
5.159569804554531144e-06
4.059201471102742015e-04
1.312592162752560844e-04
-2.346875146002563937e-04
-2.319829451403029516e-04
1.507511470386515120e-04
-3.271684940174903497e-04
-5.290293421566920915e-05
-4.595123876666788970e-04
2.192433535554782304e-04
1.252714173983849395e-04
-1.064465723356579558e-04
2.999600479827157226e-04
-3.685827144499702703e-04
2.052681424999369946e-04
3.487685543280334591e-04
-2.765865793429917634e-04
-1.926827318314259542e-04
4.882446317191162363e-04
4.721419877262785663e-04
-2.399514596035265900e-04
-1.399503454915275447e-04
1.070746245323227197e-04
1.633570373921826812e-04
3.878681243823323219e-04
-1.947382703951410019e-04
4.344810677695417310e-04
8.293271138310034712e-05
8.894090663472929974e-05
-3.185872226251622330e-04
-1.084676633641364524e-04
3.421141002216116335e-04
9.420138568779347181e-05
-4.770507061195219793e-04
-9.150733574576121673e-06
3.884788895995464151e-04
-1.361373858260690793e-04
-4.707234698473376712e-04
5.537191556092290227e-05
7.559774611470031138e-05
-3.480169383048053100e-04
3.689414224126592846e-04
-2.430462261692323397e-04
3.426875276662870689e-04
7.211985773446329465e-05
4.796123236067928669e-04
-2.085779754424101865e-04
-3.954804436930093366e-04
4.658662925166130384e-04
3.629936634571744654e-05
-2.270737161023123215e-04
2.523168698527482497e-04
-2.746677986132977571e-04
-1.482970195074802191e-04
4.377846826663254142e-05
-3.897591133854563989e-04
-2.327823955081712796e-04
-2.373611840380346826e-04
1.025587481904371664e-04
4.747465678749681977e-04
1.878136384203281579e-04
3.872087925209825523e-05
-8.678681493299539936e-05
-4.326575797135742110e-04
4.690781138009022925e-04
-3.448472410381646207e-05
-2.928770513685585307e-04
2.224323971248963634e-04
6.879495702979104680e-05
3.800983901857612969e-04
1.798835796492431131e-04
