0.0000 6.500 3.801
0.0025 6.665 3.765
0.0050 6.815 3.771
0.0075 6.960 3.740
0.0100 7.086 3.776
0.0125 7.213 3.798
0.0150 7.334 3.819
0.0175 7.443 3.863
0.0200 7.509 3.900
0.0225 7.562 3.977
0.0250 7.601 4.020
0.0275 7.609 4.055
0.0300 7.578 4.099
0.0325 7.525 4.146
0.0350 7.475 4.164
0.0375 7.391 4.218
0.0400 7.308 4.254
0.0425 7.180 4.291
0.0450 7.033 4.352
0.0475 6.922 4.364
0.0500 6.784 4.414
0.0525 6.656 4.460
0.0550 6.522 4.505
0.0575 6.392 4.522
0.0600 6.275 4.588
0.0625 6.173 4.631
0.0650 6.050 4.633
0.0675 6.005 4.666
0.0700 5.940 4.697
0.0725 5.916 4.697
0.0750 5.904 4.748
0.0775 5.921 4.741
0.0800 5.964 4.768
0.0825 6.012 4.788
0.0850 6.099 4.799
0.0875 6.212 4.823
0.0900 6.331 4.854
0.0925 6.479 4.881
0.0950 6.623 4.924
0.0975 6.781 4.971
0.1000 6.940 5.039
0.1025 7.099 5.103
0.1050 7.264 5.185
0.1075 7.404 5.270
0.1100 7.519 5.367
0.1125 7.664 5.452
0.1150 7.751 5.531
0.1175 7.829 5.593
0.1200 7.901 5.675
0.1225 7.937 5.727
0.1250 7.946 5.796
0.1275 7.932 5.808
0.1300 7.898 5.832
0.1325 7.827 5.846
0.1350 7.758 5.849
0.1375 7.639 5.824
0.1400 7.523 5.793
0.1425 7.404 5.764
0.1450 7.250 5.712
0.1475 7.105 5.658
0.1500 6.927 5.623
0.1525 6.759 5.562
0.1550 6.599 5.528
0.1575 6.468 5.480
0.1600 6.329 5.445
0.1625 6.228 5.410
0.1650 6.112 5.393
0.1675 6.020 5.355
0.1700 5.956 5.337
0.1725 5.929 5.345
0.1750 5.918 5.366
0.1775 5.906 5.380
0.1800 5.949 5.393
0.1825 6.016 5.452
0.1850 6.066 5.499
0.1875 6.156 5.555
0.1900 6.263 5.659
0.1925 6.389 5.764
0.1950 6.524 5.860
0.1975 6.661 6.004
0.2000 6.789 6.121
0.2025 6.938 6.256
0.2050 7.082 6.399
0.2075 7.177 6.536
0.2100 7.316 6.636
0.2125 7.393 6.787
0.2150 7.473 6.875
0.2175 7.531 6.970
0.2200 7.586 7.046
0.2225 7.594 7.099
0.2250 7.582 7.135
0.2275 7.553 7.158
0.2300 7.505 7.156
0.2325 7.436 7.117
0.2350 7.341 7.068
0.2375 7.212 7.009
0.2400 7.100 6.934
0.2425 6.980 6.854
0.2450 6.817 6.733
0.2475 6.688 6.629
0.2500 6.526 6.527
0.2525 6.378 6.412
0.2550 6.229 6.274
0.2575 6.105 6.167
0.2600 5.969 6.086
0.2625 5.862 5.984
0.2650 5.767 5.902
0.2675 5.712 5.843
0.2700 5.646 5.817
0.2725 5.618 5.784
0.2750 5.593 5.778
0.2775 5.604 5.803
0.2800 5.629 5.858
0.2825 5.645 5.925
0.2850 5.670 5.994
0.2875 5.734 6.089
0.2900 5.795 6.199
0.2925 5.872 6.321
0.2950 5.943 6.459
0.2975 6.048 6.642
0.3000 6.121 6.794
0.3025 6.203 6.952
0.3050 6.303 7.132
0.3075 6.346 7.254
0.3100 6.422 7.387
0.3125 6.494 7.539
0.3150 6.531 7.626
0.3175 6.566 7.712
0.3200 6.559 7.803
0.3225 6.553 7.842
0.3250 6.542 7.860
0.3275 6.485 7.852
0.3300 6.439 7.833
0.3325 6.346 7.785
0.3350 6.275 7.689
0.3375 6.175 7.609
0.3400 6.066 7.485
0.3425 5.946 7.362
0.3450 5.835 7.237
0.3475 5.739 7.076
0.3500 5.620 6.954
0.3525 5.521 6.780
0.3550 5.427 6.649
0.3575 5.305 6.495
0.3600 5.297 6.359
0.3625 5.210 6.231
0.3650 5.154 6.136
0.3675 5.119 6.052
0.3700 5.085 5.996
0.3725 5.080 5.945
0.3750 5.057 5.943
0.3775 5.038 5.957
0.3800 5.036 5.998
0.3825 5.024 6.065
0.3850 5.018 6.151
0.3875 5.022 6.231
0.3900 5.021 6.360
0.3925 5.036 6.497
0.3950 5.021 6.636
0.3975 5.035 6.778
0.4000 5.034 6.951
0.4025 5.040 7.084
0.4050 5.071 7.242
0.4075 5.054 7.362
0.4100 5.058 7.505
0.4125 5.062 7.622
0.4150 5.045 7.700
0.4175 5.046 7.789
0.4200 4.992 7.842
0.4225 4.956 7.843
0.4250 4.921 7.861
0.4275 4.880 7.851
0.4300 4.814 7.788
0.4325 4.766 7.729
0.4350 4.705 7.644
0.4375 4.648 7.524
0.4400 4.571 7.395
0.4425 4.536 7.265
0.4450 4.483 7.102
0.4475 4.442 6.949
0.4500 4.414 6.791
0.4525 4.389 6.636
0.4550 4.389 6.485
0.4575 4.403 6.351
0.4600 4.406 6.187
0.4625 4.418 6.086
0.4650 4.434 5.981
0.4675 4.435 5.912
0.4700 4.449 5.838
0.4725 4.436 5.801
0.4750 4.436 5.787
0.4775 4.417 5.796
0.4800 4.382 5.820
0.4825 4.343 5.852
0.4850 4.271 5.924
0.4875 4.224 5.993
0.4900 4.138 6.097
0.4925 4.087 6.187
0.4950 3.985 6.296
0.4975 3.896 6.400
0.5000 3.810 6.548
0.5025 3.707 6.630
0.5050 3.623 6.761
0.5075 3.537 6.859
0.5100 3.466 6.930
0.5125 3.379 7.025
0.5150 3.313 7.095
0.5175 3.248 7.113
0.5200 3.195 7.154
0.5225 3.113 7.152
0.5250 3.076 7.133
0.5275 3.057 7.086
0.5300 3.013 7.045
0.5325 2.990 6.973
0.5350 2.983 6.866
0.5375 3.024 6.766
0.5400 3.021 6.654
0.5425 3.061 6.516
0.5450 3.128 6.386
0.5475 3.187 6.247
0.5500 3.287 6.121
0.5525 3.390 5.986
0.5550 3.483 5.879
0.5575 3.593 5.778
0.5600 3.705 5.666
0.5625 3.783 5.573
0.5650 3.863 5.512
0.5675 3.922 5.432
0.5700 3.985 5.385
0.5725 4.002 5.366
0.5750 4.015 5.323
0.5775 3.990 5.344
0.5800 3.968 5.339
0.5825 3.915 5.350
0.5850 3.800 5.371
0.5875 3.703 5.421
0.5900 3.600 5.420
0.5925 3.446 5.479
0.5950 3.295 5.519
0.5975 3.156 5.578
0.6000 3.007 5.620
0.6025 2.848 5.664
0.6050 2.678 5.722
0.6075 2.536 5.763
0.6100 2.383 5.812
0.6125 2.267 5.823
0.6150 2.147 5.861
0.6175 2.063 5.844
0.6200 2.011 5.845
0.6225 1.957 5.802
0.6250 1.954 5.794
0.6275 1.987 5.756
0.6300 2.005 5.675
0.6325 2.058 5.615
0.6350 2.158 5.566
0.6375 2.244 5.445
0.6400 2.367 5.358
0.6425 2.508 5.256
0.6450 2.676 5.205
0.6475 2.843 5.090
0.6500 2.983 5.053
0.6525 3.146 4.982
0.6550 3.304 4.926
0.6575 3.443 4.890
0.6600 3.575 4.826
0.6625 3.705 4.804
0.6650 3.797 4.781
0.6675 3.905 4.780
0.6700 3.954 4.759
0.6725 3.991 4.731
0.6750 4.015 4.745
0.6775 4.023 4.714
0.6800 3.963 4.704
0.6825 3.944 4.665
0.6850 3.856 4.647
0.6875 3.791 4.630
0.6900 3.703 4.575
0.6925 3.585 4.531
0.6950 3.500 4.493
0.6975 3.398 4.457
0.7000 3.295 4.421
0.7025 3.195 4.378
0.7050 3.147 4.329
0.7075 3.069 4.296
0.7100 3.021 4.277
0.7125 2.990 4.235
0.7150 2.996 4.173
0.7175 2.971 4.139
0.7200 2.993 4.105
0.7225 3.035 4.056
0.7250 3.086 4.009
0.7275 3.120 3.941
0.7300 3.183 3.924
0.7325 3.247 3.861
0.7350 3.330 3.823
0.7375 3.379 3.805
0.7400 3.463 3.782
0.7425 3.529 3.769
0.7450 3.623 3.783
0.7475 3.721 3.769
0.7500 3.817 3.795
0.7525 3.904 3.853
0.7550 4.000 3.900
0.7575 4.060 3.944
0.7600 4.124 4.006
0.7625 4.217 4.046
0.7650 4.273 4.107
0.7675 4.336 4.141
0.7700 4.386 4.185
0.7725 4.434 4.181
0.7750 4.423 4.175
0.7775 4.459 4.171
0.7800 4.449 4.128
0.7825 4.457 4.061
0.7850 4.430 4.005
0.7875 4.432 3.899
0.7900 4.398 3.805
0.7925 4.395 3.685
0.7950 4.388 3.552
0.7975 4.411 3.442
0.8000 4.416 3.306
0.8025 4.445 3.152
0.8050 4.483 3.018
0.8075 4.541 2.896
0.8100 4.587 2.777
0.8125 4.641 2.649
0.8150 4.712 2.548
0.8175 4.757 2.464
0.8200 4.825 2.391
0.8225 4.892 2.329
0.8250 4.927 2.294
0.8275 4.972 2.281
0.8300 5.005 2.284
0.8325 5.031 2.283
0.8350 5.059 2.330
0.8375 5.064 2.414
0.8400 5.068 2.492
0.8425 5.069 2.590
0.8450 5.038 2.714
0.8475 5.053 2.867
0.8500 5.023 2.978
0.8525 5.026 3.120
0.8550 5.041 3.283
0.8575 5.013 3.418
0.8600 5.019 3.562
0.8625 5.015 3.662
0.8650 5.029 3.765
0.8675 5.017 3.840
0.8700 5.012 3.906
0.8725 5.032 3.929
0.8750 5.058 3.948
0.8775 5.065 3.910
0.8800 5.093 3.905
0.8825 5.114 3.840
0.8850 5.172 3.760
0.8875 5.200 3.656
0.8900 5.257 3.555
0.8925 5.356 3.405
0.8950 5.420 3.287
0.8975 5.543 3.138
0.9000 5.628 2.997
0.9025 5.724 2.856
0.9050 5.844 2.703
0.9075 5.957 2.581
0.9100 6.086 2.488
0.9125 6.165 2.397
0.9150 6.277 2.326
0.9175 6.337 2.302
0.9200 6.433 2.262
0.9225 6.512 2.274
0.9250 6.552 2.273
0.9275 6.562 2.332
0.9300 6.572 2.405
0.9325 6.560 2.463
0.9350 6.535 2.574
0.9375 6.494 2.658
0.9400 6.444 2.772
0.9425 6.362 2.909
0.9450 6.305 3.034
0.9475 6.216 3.167
0.9500 6.130 3.296
0.9525 6.040 3.442
0.9550 5.958 3.566
0.9575 5.869 3.695
0.9600 5.802 3.804
0.9625 5.731 3.920
0.9650 5.676 3.992
0.9675 5.632 4.068
0.9700 5.613 4.116
0.9725 5.582 4.163
0.9750 5.588 4.194
0.9775 5.614 4.187
0.9800 5.638 4.169
0.9825 5.699 4.162
0.9850 5.779 4.097
0.9875 5.872 4.048
0.9900 5.984 4.002
0.9925 6.092 3.961
0.9950 6.227 3.887
0.9975 6.373 3.841
1.0000 6.500 3.800
