-12699861.250 -12056557.276 20060168.758
-12697380.584 -12057078.413 20061412.688
-12694899.793 -12057599.721 20062656.194
-12692418.878 -12058121.201 20063899.277
-12689937.839 -12058642.852 20065141.937
-12687456.675 -12059164.674 20066384.172
-12684975.388 -12059686.668 20067625.985
-12682493.976 -12060208.833 20068867.373
-12680012.440 -12060731.170 20070108.338
-12677530.780 -12061253.679 20071348.879
-12675048.996 -12061776.359 20072588.996
-12672567.087 -12062299.210 20073828.689
-12670085.056 -12062822.233 20075067.959
-12667602.900 -12063345.427 20076306.805
-12665120.621 -12063868.793 20077545.227
-12662638.218 -12064392.330 20078783.225
-12660155.691 -12064916.039 20080020.799
-12657673.041 -12065439.920 20081257.949
-12655190.268 -12065963.972 20082494.676
-12652707.371 -12066488.195 20083730.978
-12650224.351 -12067012.590 20084966.856
-12647741.207 -12067537.157 20086202.311
-12645257.940 -12068061.896 20087437.341
-12642774.551 -12068586.806 20088671.947
-12640291.038 -12069111.887 20089906.129
-12637807.402 -12069637.140 20091139.887
-12635323.643 -12070162.565 20092373.220
-12632839.761 -12070688.162 20093606.130
-12630355.757 -12071213.930 20094838.615
-12627871.629 -12071739.870 20096070.676
-12625387.379 -12072265.981 20097302.313
-12622903.007 -12072792.264 20098533.525
-12620418.512 -12073318.719 20099764.313
-12617933.894 -12073845.346 20100994.677
-12615449.154 -12074372.144 20102224.616
-12612964.292 -12074899.114 20103454.131
-12610479.307 -12075426.256 20104683.222
-12607994.200 -12075953.569 20105911.888
-12605508.970 -12076481.054 20107140.130
-12603023.619 -12077008.711 20108367.947
-12600538.146 -12077536.540 20109595.339
-12598052.550 -12078064.540 20110822.307
-12595566.833 -12078592.713 20112048.850
-12593080.994 -12079121.057 20113274.969
-12590595.033 -12079649.573 20114500.663
-12588108.951 -12080178.260 20115725.932
-12585622.746 -12080707.120 20116950.777
-12583136.420 -12081236.151 20118175.197
-12580649.973 -12081765.354 20119399.192
-12578163.404 -12082294.729 20120622.762
-12575676.714 -12082824.276 20121845.908
-12573189.902 -12083353.995 20123068.629
-12570702.969 -12083883.885 20124290.925
-12568215.915 -12084413.948 20125512.796
-12565728.740 -12084944.182 20126734.242
-12563241.443 -12085474.588 20127955.263
-12560754.026 -12086005.167 20129175.859
-12558266.487 -12086535.917 20130396.030
-12555778.828 -12087066.839 20131615.776
-12553291.048 -12087597.933 20132835.098
-12550803.147 -12088129.199 20134053.994
-12548315.126 -12088660.636 20135272.465
-12545826.984 -12089192.246 20136490.511
-12543338.721 -12089724.028 20137708.131
-12540850.337 -12090255.982 20138925.327
-12538361.834 -12090788.108 20140142.097
-12535873.210 -12091320.405 20141358.442
-12533384.465 -12091852.875 20142574.362
-12530895.600 -12092385.517 20143789.857
-12528406.615 -12092918.331 20145004.926
-12525917.510 -12093451.317 20146219.570
-12523428.285 -12093984.474 20147433.789
-12520938.940 -12094517.804 20148647.582
-12518449.475 -12095051.306 20149860.950
-12515959.890 -12095584.980 20151073.892
-12513470.186 -12096118.827 20152286.409
-12510980.361 -12096652.845 20153498.500
-12508490.417 -12097187.035 20154710.166
-12506000.353 -12097721.398 20155921.407
-12503510.170 -12098255.932 20157132.221
-12501019.867 -12098790.639 20158342.611
-12498529.445 -12099325.518 20159552.574
-12496038.904 -12099860.569 20160762.112
-12493548.243 -12100395.792 20161971.224
-12491057.463 -12100931.187 20163179.911
-12488566.563 -12101466.754 20164388.172
-12486075.545 -12102002.494 20165596.007
-12483584.408 -12102538.406 20166803.416
-12481093.151 -12103074.490 20168010.400
-12478601.776 -12103610.746 20169216.957
-12476110.282 -12104147.174 20170423.089
-12473618.669 -12104683.775 20171628.795
-12471126.938 -12105220.548 20172834.075
-12468635.087 -12105757.493 20174038.930
-12466143.119 -12106294.610 20175243.358
-12463651.031 -12106831.900 20176447.360
-12461158.825 -12107369.361 20177650.936
-12458666.501 -12107906.995 20178854.086
-12456174.059 -12108444.802 20180056.811
-12453681.498 -12108982.780 20181259.109
-12451188.819 -12109520.931 20182460.980
-12448696.022 -12110059.255 20183662.426
-12446203.106 -12110597.750 20184863.446
-12443710.073 -12111136.418 20186064.039
-12441216.922 -12111675.258 20187264.207
-12438723.653 -12112214.271 20188463.948
-12436230.266 -12112753.456 20189663.262
-12433736.761 -12113292.813 20190862.151
-12431243.139 -12113832.342 20192060.613
-12428749.399 -12114372.044 20193258.649
-12426255.542 -12114911.919 20194456.258
-12423761.567 -12115451.965 20195653.441
-12421267.474 -12115992.185 20196850.198
-12418773.265 -12116532.576 20198046.528
-12416278.937 -12117073.140 20199242.432
-12413784.493 -12117613.876 20200437.909
-12411289.932 -12118154.785 20201632.959
-12408795.253 -12118695.866 20202827.583
-12406300.457 -12119237.120 20204021.781
-12403805.545 -12119778.546 20205215.552
-12401310.515 -12120320.145 20206408.896
-12398815.369 -12120861.916 20207601.814
-12396320.105 -12121403.859 20208794.305
-12393824.725 -12121945.975 20209986.369
-12391329.229 -12122488.264 20211178.007
-12388833.616 -12123030.725 20212369.217
-12386337.886 -12123573.358 20213560.002
-12383842.040 -12124116.164 20214750.359
-12381346.077 -12124659.143 20215940.289
-12378849.999 -12125202.294 20217129.793
-12376353.803 -12125745.617 20218318.869
-12373857.492 -12126289.114 20219507.519
-12371361.064 -12126832.782 20220695.742
-12368864.521 -12127376.624 20221883.538
-12366367.861 -12127920.638 20223070.907
-12363871.085 -12128464.824 20224257.848
-12361374.194 -12129009.183 20225444.363
-12358877.186 -12129553.715 20226630.451
-12356380.063 -12130098.419 20227816.112
-12353882.825 -12130643.296 20229001.345
-12351385.470 -12131188.345 20230186.152
-12348888.000 -12131733.567 20231370.531
-12346390.415 -12132278.962 20232554.483
-12343892.714 -12132824.530 20233738.008
-12341394.898 -12133370.270 20234921.106
-12338896.966 -12133916.182 20236103.776
-12336398.919 -12134462.268 20237286.019
-12333900.757 -12135008.526 20238467.835
-12331402.480 -12135554.957 20239649.223
-12328904.088 -12136101.560 20240830.184
-12326405.581 -12136648.336 20242010.718
-12323906.958 -12137195.285 20243190.824
-12321408.221 -12137742.407 20244370.503
-12318909.370 -12138289.701 20245549.754
-12316410.403 -12138837.168 20246728.578
-12313911.322 -12139384.808 20247906.974
-12311412.126 -12139932.620 20249084.943
-12308912.816 -12140480.605 20250262.484
-12306413.391 -12141028.764 20251439.598
-12303913.852 -12141577.094 20252616.284
-12301414.199 -12142125.598 20253792.542
-12298914.431 -12142674.274 20254968.373
-12296414.549 -12143223.124 20256143.776
-12293914.552 -12143772.145 20257318.751
-12291414.442 -12144321.340 20258493.299
-12288914.218 -12144870.708 20259667.418
-12286413.880 -12145420.248 20260841.110
-12283913.428 -12145969.962 20262014.375
-12281412.862 -12146519.848 20263187.211
-12278912.182 -12147069.907 20264359.619
-12276411.389 -12147620.138 20265531.600
-12273910.481 -12148170.543 20266703.152
-12271409.461 -12148721.121 20267874.277
-12268908.327 -12149271.871 20269044.974
-12266407.079 -12149822.794 20270215.242
-12263905.718 -12150373.891 20271385.083
-12261404.244 -12150925.160 20272554.496
-12258902.656 -12151476.602 20273723.480
-12256400.956 -12152028.217 20274892.036
-12253899.142 -12152580.005 20276060.165
-12251397.215 -12153131.965 20277227.865
-12248895.175 -12153684.099 20278395.137
-12246393.022 -12154236.406 20279561.981
-12243890.757 -12154788.885 20280728.396
-12241388.378 -12155341.538 20281894.383
-12238885.887 -12155894.364 20283059.943
-12236383.283 -12156447.362 20284225.073
-12233880.567 -12157000.534 20285389.776
-12231377.738 -12157553.878 20286554.050
-12228874.796 -12158107.396 20287717.895
-12226371.742 -12158661.086 20288881.313
-12223868.576 -12159214.950 20290044.301
-12221365.297 -12159768.986 20291206.862
-12218861.907 -12160323.196 20292368.994
-12216358.404 -12160877.578 20293530.697
-12213854.789 -12161432.134 20294691.972
-12211351.062 -12161986.863 20295852.818
-12208847.223 -12162541.765 20297013.236
-12206343.272 -12163096.839 20298173.225
-12203839.209 -12163652.087 20299332.786
-12201335.035 -12164207.508 20300491.918
-12198830.749 -12164763.102 20301650.621
-12196326.351 -12165318.870 20302808.895
-12193821.842 -12165874.810 20303966.741
-12191317.221 -12166430.923 20305124.158
-12188812.488 -12166987.210 20306281.147
-12186307.645 -12167543.669 20307437.706
-12183802.690 -12168100.302 20308593.837
-12181297.623 -12168657.108 20309749.538
-12178792.446 -12169214.087 20310904.811
-12176287.157 -12169771.239 20312059.655
-12173781.758 -12170328.564 20313214.070
-12171276.247 -12170886.063 20314368.056
-12168770.626 -12171443.735 20315521.614
-12166264.893 -12172001.579 20316674.742
-12163759.050 -12172559.597 20317827.441
-12161253.096 -12173117.789 20318979.711
-12158747.031 -12173676.153 20320131.552
-12156240.856 -12174234.691 20321282.964
-12153734.570 -12174793.402 20322433.947
-12151228.174 -12175352.286 20323584.500
-12148721.667 -12175911.343 20324734.625
-12146215.051 -12176470.573 20325884.320
-12143708.323 -12177029.977 20327033.586
-12141201.486 -12177589.554 20328182.423
-12138694.538 -12178149.305 20329330.831
-12136187.480 -12178709.228 20330478.809
-12133680.313 -12179269.325 20331626.358
-12131173.035 -12179829.595 20332773.477
-12128665.647 -12180390.038 20333920.167
-12126158.150 -12180950.655 20335066.428
-12123650.542 -12181511.445 20336212.260
-12121142.826 -12182072.408 20337357.661
-12118634.999 -12182633.545 20338502.634
-12116127.063 -12183194.855 20339647.177
-12113619.017 -12183756.338 20340791.290
-12111110.862 -12184317.994 20341934.974
-12108602.598 -12184879.824 20343078.229
-12106094.224 -12185441.828 20344221.053
-12103585.741 -12186004.004 20345363.449
-12101077.149 -12186566.354 20346505.414
-12098568.448 -12187128.877 20347646.950
-12096059.637 -12187691.574 20348788.056
-12093550.718 -12188254.444 20349928.732
-12091041.689 -12188817.488 20351068.979
-12088532.552 -12189380.705 20352208.796
-12086023.306 -12189944.095 20353348.183
-12083513.952 -12190507.658 20354487.140
-12081004.488 -12191071.396 20355625.668
-12078494.917 -12191635.306 20356763.765
-12075985.236 -12192199.390 20357901.433
-12073475.447 -12192763.647 20359038.671
-12070965.550 -12193328.078 20360175.479
-12068455.544 -12193892.682 20361311.857
-12065945.430 -12194457.460 20362447.805
-12063435.208 -12195022.411 20363583.323
-12060924.877 -12195587.536 20364718.411
-12058414.439 -12196152.834 20365853.068
-12055903.893 -12196718.305 20366987.296
-12053393.238 -12197283.950 20368121.094
-12050882.476 -12197849.769 20369254.461
-12048371.606 -12198415.761 20370387.399
-12045860.628 -12198981.926 20371519.906
-12043349.542 -12199548.266 20372651.983
-12040838.349 -12200114.778 20373783.629
-12038327.048 -12200681.464 20374914.846
-12035815.640 -12201248.324 20376045.632
-12033304.124 -12201815.357 20377175.988
-12030792.501 -12202382.564 20378305.914
-12028280.771 -12202949.944 20379435.409
-12025768.933 -12203517.498 20380564.474
-12023256.988 -12204085.225 20381693.108
-12020744.936 -12204653.126 20382821.312
-12018232.777 -12205221.200 20383949.086
-12015720.511 -12205789.449 20385076.429
-12013208.139 -12206357.870 20386203.341
-12010695.659 -12206926.466 20387329.823
-12008183.072 -12207495.234 20388455.875
-12005670.379 -12208064.177 20389581.496
-12003157.579 -12208633.293 20390706.686
-12000644.673 -12209202.583 20391831.446
-11998131.659 -12209772.046 20392955.775
-11995618.540 -12210341.683 20394079.674
-11993105.314 -12210911.494 20395203.141
-11990591.982 -12211481.478 20396326.178
-11988078.543 -12212051.636 20397448.785
-11985564.999 -12212621.967 20398570.960
-11983051.348 -12213192.473 20399692.705
-11980537.590 -12213763.151 20400814.019
-11978023.728 -12214334.004 20401934.902
-11975509.759 -12214905.030 20403055.354
-11972995.684 -12215476.230 20404175.376
-11970481.503 -12216047.604 20405294.966
-11967967.217 -12216619.151 20406414.125
-11965452.825 -12217190.872 20407532.854
-11962938.327 -12217762.767 20408651.151
-11960423.724 -12218334.835 20409769.018
-11957909.015 -12218907.078 20410886.454
-11955394.201 -12219479.494 20412003.458
-11952879.281 -12220052.083 20413120.031
-11950364.256 -12220624.847 20414236.174
-11947849.126 -12221197.784 20415351.885
-11945333.891 -12221770.895 20416467.165
-11942818.551 -12222344.179 20417582.014
-11940303.105 -12222917.638 20418696.431
-11937787.555 -12223491.270 20419810.418
-11935271.899 -12224065.076 20420923.973
-11932756.139 -12224639.056 20422037.097
-11930240.274 -12225213.209 20423149.789
-11927724.305 -12225787.537 20424262.051
-11925208.231 -12226362.038 20425373.881
-11922692.052 -12226936.713 20426485.279
-11920175.768 -12227511.561 20427596.247
-11917659.380 -12228086.584 20428706.782
-11915142.888 -12228661.780 20429816.887
-11912626.291 -12229237.151 20430926.560
-11910109.591 -12229812.695 20432035.801
-11907592.785 -12230388.413 20433144.611
-11905075.876 -12230964.304 20434252.989
-11902558.863 -12231540.370 20435360.936
-11900041.746 -12232116.610 20436468.451
-11897524.524 -12232693.023 20437575.535
-11895007.199 -12233269.610 20438682.187
-11892489.770 -12233846.371 20439788.407
-11889972.238 -12234423.306 20440894.196
-11887454.601 -12235000.415 20441999.553
-11884936.862 -12235577.698 20443104.478
-11882419.018 -12236155.155 20444208.971
-11879901.071 -12236732.785 20445313.033
-11877383.021 -12237310.590 20446416.663
-11874864.867 -12237888.568 20447519.861
-11872346.610 -12238466.720 20448622.627
-11869828.249 -12239045.047 20449724.962
-11867309.786 -12239623.547 20450826.864
-11864791.219 -12240202.221 20451928.335
-11862272.550 -12240781.069 20453029.373
-11859753.777 -12241360.091 20454129.980
-11857234.902 -12241939.287 20455230.155
-11854715.923 -12242518.657 20456329.897
-11852196.842 -12243098.201 20457429.208
-11849677.659 -12243677.919 20458528.087
-11847158.372 -12244257.811 20459626.533
-11844638.983 -12244837.877 20460724.547
-11842119.492 -12245418.116 20461822.130
-11839599.898 -12245998.530 20462919.280
-11837080.201 -12246579.118 20464015.998
-11834560.403 -12247159.880 20465112.284
-11832040.502 -12247740.816 20466208.137
-11829520.499 -12248321.926 20467303.558
-11827000.394 -12248903.210 20468398.547
-11824480.186 -12249484.668 20469493.104
-11821959.877 -12250066.299 20470587.228
-11819439.466 -12250648.105 20471680.920
-11816918.952 -12251230.086 20472774.180
-11814398.338 -12251812.240 20473867.007
-11811877.621 -12252394.568 20474959.402
-11809356.803 -12252977.070 20476051.365
-11806835.883 -12253559.746 20477142.895
-11804314.861 -12254142.597 20478233.992
-11801793.739 -12254725.621 20479324.657
-11799272.514 -12255308.819 20480414.890
-11796751.189 -12255892.192 20481504.690
-11794229.762 -12256475.739 20482594.057
-11791708.234 -12257059.459 20483682.992
-11789186.604 -12257643.354 20484771.494
-11786664.874 -12258227.423 20485859.563
-11784143.042 -12258811.666 20486947.200
-11781621.110 -12259396.084 20488034.404
-11779099.077 -12259980.675 20489121.176
-11776576.943 -12260565.440 20490207.514
-11774054.708 -12261150.380 20491293.420
-11771532.372 -12261735.494 20492378.893
-11769009.936 -12262320.782 20493463.933
-11766487.399 -12262906.244 20494548.541
-11763964.762 -12263491.880 20495632.716
-11761442.024 -12264077.690 20496716.457
-11758919.186 -12264663.675 20497799.766
-11756396.248 -12265249.833 20498882.642
-11753873.209 -12265836.166 20499965.085
-11751350.071 -12266422.673 20501047.095
-11748826.832 -12267009.355 20502128.672
-11746303.493 -12267596.210 20503209.816
-11743780.054 -12268183.240 20504290.527
-11741256.515 -12268770.443 20505370.804
-11738732.876 -12269357.821 20506450.649
-11736209.138 -12269945.373 20507530.061
-11733685.300 -12270533.100 20508609.039
-11731161.362 -12271121.001 20509687.584
-11728637.325 -12271709.075 20510765.697
-11726113.187 -12272297.325 20511843.376
-11723588.951 -12272885.748 20512920.621
-11721064.615 -12273474.345 20513997.434
-11718540.180 -12274063.117 20515073.813
-11716015.646 -12274652.063 20516149.759
-11713491.012 -12275241.184 20517225.271
-11710966.279 -12275830.478 20518300.350
-11708441.448 -12276419.947 20519374.996
-11705916.517 -12277009.590 20520449.209
-11703391.487 -12277599.408 20521522.988
-11700866.358 -12278189.399 20522596.333
-11698341.131 -12278779.565 20523669.245
-11695815.805 -12279369.905 20524741.724
-11693290.380 -12279960.420 20525813.769
-11690764.856 -12280551.109 20526885.381
-11688239.234 -12281141.972 20527956.559
-11685713.514 -12281733.009 20529027.303
-11683187.695 -12282324.221 20530097.614
-11680661.778 -12282915.607 20531167.491
-11678135.762 -12283507.167 20532236.935
-11675609.648 -12284098.902 20533305.945
-11673083.436 -12284690.811 20534374.521
-11670557.126 -12285282.895 20535442.663
-11668030.718 -12285875.152 20536510.372
-11665504.212 -12286467.584 20537577.647
-11662977.608 -12287060.191 20538644.488
-11660450.906 -12287652.971 20539710.895
-11657924.107 -12288245.927 20540776.869
-11655397.210 -12288839.056 20541842.409
-11652870.214 -12289432.360 20542907.514
-11650343.122 -12290025.838 20543972.186
-11647815.932 -12290619.491 20545036.424
-11645288.645 -12291213.318 20546100.228
-11642761.260 -12291807.319 20547163.598
-11640233.778 -12292401.495 20548226.534
-11637706.198 -12292995.845 20549289.037
-11635178.522 -12293590.369 20550351.105
-11632650.748 -12294185.068 20551412.738
-11630122.877 -12294779.942 20552473.938
-11627594.910 -12295374.990 20553534.704
-11625066.845 -12295970.212 20554595.036
-11622538.683 -12296565.608 20555654.933
-11620010.425 -12297161.179 20556714.397
-11617482.070 -12297756.925 20557773.426
-11614953.618 -12298352.845 20558832.021
-11612425.070 -12298948.939 20559890.181
-11609896.425 -12299545.208 20560947.908
-11607367.684 -12300141.651 20562005.200
-11604838.846 -12300738.269 20563062.057
-11602309.912 -12301335.061 20564118.481
-11599780.882 -12301932.027 20565174.470
-11597251.755 -12302529.168 20566230.024
-11594722.533 -12303126.484 20567285.145
-11592193.214 -12303723.974 20568339.831
-11589663.799 -12304321.638 20569394.082
-11587134.288 -12304919.477 20570447.899
-11584604.682 -12305517.491 20571501.281
-11582074.979 -12306115.679 20572554.229
-11579545.181 -12306714.041 20573606.743
-11577015.287 -12307312.578 20574658.821
-11574485.298 -12307911.289 20575710.465
-11571955.213 -12308510.175 20576761.675
-11569425.032 -12309109.236 20577812.450
-11566894.756 -12309708.471 20578862.790
-11564364.385 -12310307.880 20579912.696
-11561833.918 -12310907.464 20580962.167
-11559303.357 -12311507.223 20582011.203
-11556772.700 -12312107.156 20583059.804
-11554241.948 -12312707.263 20584107.971
-11551711.101 -12313307.546 20585155.703
-11549180.158 -12313908.002 20586203.000
-11546649.121 -12314508.633 20587249.862
-11544117.990 -12315109.439 20588296.290
-11541586.763 -12315710.420 20589342.282
-11539055.442 -12316311.574 20590387.840
-11536524.026 -12316912.904 20591432.962
-11533992.515 -12317514.408 20592477.650
-11531460.910 -12318116.087 20593521.903
-11528929.211 -12318717.940 20594565.721
-11526397.417 -12319319.967 20595609.104
-11523865.529 -12319922.170 20596652.051
-11521333.546 -12320524.547 20597694.564
-11518801.469 -12321127.098 20598736.641
-11516269.298 -12321729.824 20599778.284
-11513737.034 -12322332.725 20600819.491
-11511204.675 -12322935.800 20601860.263
-11508672.222 -12323539.050 20602900.600
-11506139.676 -12324142.475 20603940.502
-11503607.035 -12324746.074 20604979.969
-11501074.301 -12325349.848 20606019.000
-11498541.473 -12325953.796 20607057.596
-11496008.552 -12326557.919 20608095.757
-11493475.537 -12327162.217 20609133.482
-11490942.429 -12327766.689 20610170.772
-11488409.227 -12328371.336 20611207.627
-11485875.931 -12328976.158 20612244.046
-11483342.543 -12329581.154 20613280.030
-11480809.061 -12330186.325 20614315.579
-11478275.487 -12330791.670 20615350.692
-11475741.819 -12331397.190 20616385.370
-11473208.058 -12332002.885 20617419.612
-11470674.204 -12332608.755 20618453.419
-11468140.257 -12333214.799 20619486.790
-11465606.218 -12333821.018 20620519.725
-11463072.086 -12334427.411 20621552.225
-11460537.861 -12335033.979 20622584.290
-11458003.543 -12335640.722 20623615.919
-11455469.133 -12336247.640 20624647.112
-11452934.630 -12336854.732 20625677.869
-11450400.035 -12337461.999 20626708.191
-11447865.348 -12338069.441 20627738.077
-11445330.568 -12338677.057 20628767.527